 0 0.5_10_50k 50000 1
 1 0.5_10_35k 35000 1
 2 0.5_10_100k 100000 1
 3 0.5_10_200k 200000 1
 4 0.75_10_100k 100000 1
 5 ville_haute_0.5_50k 50000 1
 6 ville_haute_0.8_10_100k 100000 1
 7 0.8_10_300k 300000 1
 8 v_h 50000 1
 9 v_h5 5000 1
 10 vh5 5000 1
 11 vh2 5000 1
 12 vh3 5000 1
 13 VH1 50000 1
 14 VH1 50000 1
 15 VH2 50000 1
 16 VH3 50000 1
 17 VH1 50000 1
 18 VH2 50000 1
 19 VH3 50000 1
 20 VH4 50000 1
 21 VH5 50000 1
 22 VH6 50000 1
 23 VH7 50000 1
 24 VH8 50000 1
 25 VH9 50000 1
 26 VH10 50000 1
 27 VH11 50000 1
 28 VH12 50000 1
 29 VH13 50000 1
 30 VH14 50000 1
 31 VH15 50000 1
 32 VH16 50000 1
 33 VH17 50000 1
 34 VH18 50000 1
 35 VH19 50000 1
 36 VH20 50000 1
 37 500metriQuadri 50000 1
 38 50Per50da1a15 50000 1
